EGP
1 16908U 86061A   24306.45833333  .00000048  00000-0  33945-3 0 00004
2 16908 050.0070 170.0138 0011504 110.9940 270.5054 12.44508806406936
GALEX
1 27783U 03017A   24306.45833333  .00003442  00000-0  63350-3 0 00001
2 27783 028.9967 176.3053 0003567 347.3635 152.8321 14.64626090150182
IRIDIUM_44
1 25078U 97077B   24306.45833333  .00002019  00000-0  64548-3 0 00004
2 25078 086.3927 317.4124 0003985 073.6458 105.5727 14.39782338410931
IRIDIUM_920
1 24871U 97034C   24306.45833333  .00001918  00000-0  59675-3 0 00009
2 24871 086.3934 310.2974 0013609 109.1107 324.8801 14.41075281433785
ISIS_1
1 03669U 69009A   24306.45833333  .00001258  00000-0  90274-3 0 00009
2 03669 088.4506 209.1084 1709723 004.8258 225.7520 11.30057418293149
NOAA_15
1 25338U 98030A   24306.45833333  .00000906  00000-0  37443-3 0 00000
2 25338 098.5583 330.6688 0009174 285.3689 290.7761 14.26774220377012
RADARSAT_2
1 32382U 07061A   24306.45833333  .00000485  00000-0  18853-3 0 00007
2 32382 098.5804 310.8660 0001107 089.6510 289.5275 14.29986022881363
SL-8_R_B
1 21938U 92020B   24306.45833333  .00000249  00000-0  25890-3 0 00008
2 21938 082.9305 160.0844 0028001 233.5541 315.0716 13.75452675633324
STARLINK_1054
1 44759U 19074AY  24306.45833333 -.00007744  00000-0 -51936-3 0 00001
2 44759 053.0537 280.8116 0000925 041.0543 050.3176 15.06367893274028
STARLINK_2514
1 48331U 21036BH  24306.45833333  .00019571  00000-0  13092-2 0 00001
2 48331 053.0520 155.8190 0000931 113.6066 265.4289 15.06447136193692
STARLINK_2741
1 48684U 21044AY  24306.45833333  .00013070  00000-0  87486-3 0 00008
2 48684 053.0526 141.1761 0001340 092.2865 168.9599 15.06427902189847
STARLINK_30772
1 58135U 23162T   24306.45833333 -.00002726  00000-0 -20119-3 0 00001
2 58135 043.0021 293.6912 0001450 273.4653 278.6278 15.02523207058107
STARLINK_30775
1 58139U 23162X   24306.45833333 -.00006138  00000-0 -45322-3 0 00009
2 58139 043.0032 293.5623 0001316 277.5519 328.6295 15.02515689058108
STARLINK_30783
1 58130U 23162N   24306.45833333 -.00001742  00000-0 -12852-3 0 00008
2 58130 043.0014 292.9291 0000306 046.5705 110.1189 15.02538176058104
STARLINK_3131
1 49427U 21104V   24306.45833333  .00000025  00000-0  15787-5 0 00004
2 49427 053.2164 283.3254 0001573 092.1964 319.5695 15.08839015165283
STARLINK_31586
1 59205U 24046E   24306.45833333 -.00000192  00000-0 -64821-5 0 00007
2 59205 053.1605 286.3368 0001432 106.3829 258.1783 15.30188033037330
STARLINK_32261
1 61530U 24183X   24306.45833333 -.00108727  00000-0 -75959-3 0 00008
2 61530 053.1519 287.0135 0000704 093.4212 347.2776 15.73668933003975
STARLINK_3564
1 52302U 22041AT  24306.45833333  .00002786  00000-0  17461-3 0 00006
2 52302 053.2156 143.3191 0001371 090.5096 096.5589 15.08859775140179
STARLINK_3766
1 52296U 22041AM  24306.45833333  .00001591  00000-0  99784-4 0 00000
2 52296 053.2151 153.3176 0001410 086.9076 345.0163 15.08837382141262
STARLINK_3782
1 52273U 22041N   24306.45833333  .00002538  00000-0  15911-3 0 00006
2 52273 053.2158 153.7066 0001441 093.3620 053.1345 15.08844678140036
STARLINK_3788
1 52271U 22041L   24306.45833333  .00002568  00000-0  16100-3 0 00008
2 52271 053.2162 163.3241 0001355 096.8903 220.0654 15.08844686139896
STARLINK_4347
1 53076U 22077AK  24306.45833333  .00000235  00000-0  18345-4 0 00004
2 53076 097.6532 125.3425 0003640 059.2906 062.1428 15.01263088127491
STARLINK_4597
1 53640U 22104BE  24306.45833333  .00002400  00000-0  15048-3 0 00004
2 53640 053.2156 278.0634 0001183 082.3116 062.3351 15.08846923121770
STARLINK_4674
1 53591U 22104D   24306.45833333  .00002771  00000-0  17366-3 0 00005
2 53591 053.2158 298.4869 0001537 101.4356 172.9752 15.08853148120460
STARLINK_5087
1 54850U 22177AG  24306.45833333  .00002855  00000-0  21063-3 0 00006
2 54850 043.0028 280.6791 0001198 269.8474 220.8866 15.02545258101936


