spkid a e i om w ma epoch diameter spec_B
2000016 2.922775574 0.133531208 3.096559879 150.0406823 229.0268171 7.048521059 2459000.5 226 X
2000021 2.435272006 0.163389805 3.063966749 80.86663293 249.9973066 87.97582348 2459000.5 95.76 Xk
2000022 2.910347528 0.098049766 13.70173622 66.0046455 357.2564762 274.6358419 2459000.5 167.536 X
2000044 2.424859145 0.14799278 3.710079489 131.494749 343.8645059 186.5544324 2459000.5 70.64 Xc
2000046 2.525194782 0.172301751 2.350036415 181.0771636 177.3830394 168.1565818 2459000.5 131.471 Xc
2000055 2.760437589 0.143246422 7.17940419 10.36964233 5.385958668 86.99154515 2459000.5 84.794 X
2000056 2.596709989 0.238393693 8.080138426 192.9749877 104.9898161 340.841858 2459000.5 121.333 Xk
2000064 2.683409425 0.125217135 1.309846319 309.0971616 179.2244559 128.0718466 2459000.5 58.292 Xe
2000065 3.424837725 0.112046013 3.564035446 155.6184006 102.830308 323.0142316 2459000.5 237.26 Xc
2000069 2.976822652 0.170260304 8.590967393 184.9850105 289.1127747 17.89713811 2459000.5 138.13 X
2000071 2.755692235 0.173205826 23.26531478 316.0050395 267.070199 350.1222961 2459000.5 83.42 Xe
2000075 2.673994297 0.303521899 4.991511747 359.3390469 339.3368139 52.0091084 2459000.5 62.377 Xk
2000076 3.414264879 0.166010853 2.121333842 204.3009575 252.2670098 346.7613476 2459000.5 145.423 X
2000077 2.668864037 0.132557844 2.422694506 1.14456383 61.78325065 13.87223727 2459000.5 61.39 Xe
2000083 2.431964225 0.081298689 4.963774681 27.72641336 168.5949555 333.5711095 2459000.5 110.503 X
2000087 3.482070736 0.093403616 10.87598592 73.04063802 263.5897265 153.4227032 2459000.5 253.051 X
2000092 3.1851789 0.104862649 9.93202216 101.5803166 239.0702968 249.1220812 2459000.5 126.42 Xc
2000099 2.664873397 0.194961049 13.84752102 41.51414478 195.7124939 334.9314339 2459000.5 67.354 Xk
2000107 3.49059289 0.065108845 10.0014532 172.5826385 306.397008 27.12007451 2459000.5 210.37 X
2000110 2.733551158 0.081363268 5.962488936 56.86235061 282.5433181 294.8461639 2459000.5 86.09 X
2000114 2.678060928 0.13675373 4.940905686 164.0738305 352.7671835 151.2944134 2459000.5 94.178 Xk
2000117 2.992997487 0.026769669 14.89920757 348.737096 50.3619326 226.3618939 2459000.5 208.974 X
2000125 2.743653518 0.077941812 4.664196804 168.9812294 110.0107019 250.8239056 2459000.5 48.418 X
2000129 2.87035858 0.212593821 12.26692889 135.6670023 111.2466528 21.05579473 2459000.5 113 X
2000131 2.431897276 0.067371237 4.960887429 65.6561804 160.6156449 293.1022356 2459000.5 31.337 Xc
2000132 2.608140003 0.38955942 24.99379199 258.3925113 255.1758735 6.022924569 2459000.5 42.87 Xe
2000135 2.428364053 0.206906605 2.303866066 343.5718893 340.1813407 82.26722833 2459000.5 79.24 Xk
2000136 2.287367628 0.085300042 9.577564035 186.4300655 132.5611778 331.2585988 2459000.5 36.893 Xe
2000139 2.781680954 0.174553974 10.90937395 1.817387934 165.6082666 357.6701106 2459000.5 151.116 X
2000140 2.734694958 0.214140102 3.185538923 107.1777392 196.8152912 145.7487006 2459000.5 109.79 Xc
2000143 2.760501856 0.074151432 11.44438007 332.9805554 252.3411593 167.1293025 2459000.5 95.377 Xc
2000153 3.979001314 0.140283377 7.824732846 228.131892 39.05005486 224.9811884 2459000.5 170.63 X
2000161 2.379611763 0.137559115 9.057056938 18.56556407 294.6780921 5.096482655 2459000.5 40.992 Xc
2000164 2.631445926 0.34679237 24.47377875 76.81450179 284.0296546 182.5899794 2459000.5 100.254 X
2000166 2.684202122 0.211887942 12.02987232 128.9157314 264.3227888 188.8844345 2459000.5 52.393 Xe
2000173 2.742915109 0.208922392 14.19806484 148.1681907 228.8328066 120.8690795 2459000.5 125.821 Xk
2000181 3.124488677 0.206790714 18.89346267 143.019864 318.9291749 281.9223382 2459000.5 115.383 Xk
2000184 3.186591877 0.065930397 1.14331972 331.561873 210.3939798 0.914984352 2459000.5 62.483 X
2000190 3.986862472 0.166707925 6.176684539 175.4558563 271.1249641 308.8280924 2459000.5 159 X
2000199 3.165432367 0.18054187 15.48087676 88.58171872 180.3554145 331.3054959 2459000.5 76.129 X
2000201 2.678166941 0.179237272 5.755872364 156.925266 180.7167833 34.34804669 2459000.5 85.877 X
2000209 3.148564467 0.05607269 7.168801208 0.653647603 249.507762 197.7457941 2459000.5 179.008 Xc
2000214 2.611486545 0.030749644 3.435857343 341.9708185 131.6899438 134.0017482 2459000.5 24.957 Xc
2000216 2.792816681 0.251069889 13.11461335 215.3476019 179.9841281 155.2355614 2459000.5 122 Xe
2000242 2.861050861 0.121666577 11.35143266 206.9095889 279.3236755 276.3860798 2459000.5 40.802 Xc
2000247 2.741242275 0.24523048 24.95110851 0.056803309 55.38107356 19.40871639 2459000.5 130.935 Xc
2000250 3.14334456 0.135284319 12.81952781 23.82582234 75.98942594 304.9785947 2459000.5 120.995 Xk
2000259 3.136485513 0.129952875 10.81386047 86.84567201 167.7410334 31.32227627 2459000.5 174.318 X
2000261 2.331614313 0.088704615 3.635932931 96.63003008 65.89685451 63.33967731 2459000.5 50.011 X
2000272 2.776974315 0.028145753 4.432579146 37.31718498 69.10159726 240.8571252 2459000.5 26.87 X
2000279 4.272880797 0.042519756 2.334382766 71.92000131 24.48354088 235.0558011 2459000.5 126.59 X
2000304 2.403461889 0.221518837 15.84636889 159.0237665 172.3499699 74.14347733 2459000.5 65.99 Xc
2000317 2.286630251 0.08503196 1.765722712 151.3479524 186.8883055 78.45916043 2459000.5 18.648 Xe
2000322 2.783240406 0.245653219 8.051712851 252.3675078 114.7307565 280.8036282 2459000.5 69.855 X
2000332 2.774153083 0.088073462 2.844655439 31.55964245 297.5986354 123.6895211 2459000.5 40.37 Xk
2000336 2.25221364 0.095872285 5.652410626 235.0317726 31.3303926 12.35485818 2459000.5 63.356 Xk
2000337 2.384928078 0.136224724 7.851797888 355.4117411 98.80605109 184.5421286 2459000.5 64.549 X
2000338 2.913339998 0.02154029 6.050119901 287.4193499 109.1378296 221.5936242 2459000.5 50.506 Xk
2000348 2.968083509 0.070605068 9.758933764 89.914278 13.86472878 291.0188205 2459000.5 82.82 X
2000359 2.727602269 0.157570266 6.771667734 6.054414556 338.2396416 270.5639904 2459000.5 43.89 X
2000363 2.747801368 0.071286723 5.946382532 64.74200592 296.1712498 136.0699696 2459000.5 97 X
2000375 3.125472671 0.104280183 15.94436906 336.4044679 341.3218176 8.26435506 2459000.5 216 Xc
2000393 2.780070051 0.330437969 14.87475272 212.4398771 90.71191518 111.1928862 2459000.5 116.191 Xc
2000396 2.742031469 0.160623452 2.550209169 249.9182629 21.61465042 26.04203391 2459000.5 39.242 Xe
2000399 3.050143281 0.075933007 13.11385854 346.1966892 193.4019499 154.6077984 2459000.5 39.566 X
2000409 2.576120048 0.072324567 11.26674283 242.1523035 353.3485927 234.5242325 2459000.5 171.012 Xc
2000413 2.585408907 0.341261203 18.727039 103.7146703 252.8255584 55.39130629 2459000.5 34.242 X
2000417 2.798367566 0.135845146 6.648260311 199.5046286 348.7934606 199.1942074 2459000.5 54.874 Xk
2000434 1.944392257 0.073838786 22.50907409 175.3048895 123.8685071 10.0452658 2459000.5 8.934 Xe
2000441 2.805213843 0.080709285 8.159100644 253.5226479 203.0894682 280.119224 2459000.5 65.131 Xk
2000476 2.650244596 0.07265951 10.92696956 286.3417336 1.092174706 236.2661636 2459000.5 138.493 X
2000504 2.722605363 0.215072115 12.89823302 104.4755063 248.2442908 49.95027151 2459000.5 30.438 X
2000507 3.154810023 0.100668573 9.498372786 293.430191 100.5042073 75.83188358 2459000.5 45.17 X
2000516 2.680938167 0.27188701 12.95920011 328.8015537 258.1911111 340.3112814 2459000.5 65.144 X
2000523 2.965350279 0.178529036 4.313127788 260.6192957 189.9836897 300.9720182 2459000.5 31.89 X
2000543 3.057232015 0.154096681 8.479481299 294.9667035 109.1959642 189.6019821 2459000.5 45.613 Xe
2000547 2.774284163 0.234931558 16.8584469 193.0722324 196.4699909 13.98316987 2459000.5 52.462 Xk
2000559 2.712155276 0.065562255 9.301958673 112.0647276 128.6706249 238.2330078 2459000.5 79.82 Xk
2000564 2.745543829 0.277406128 17.9917749 70.76109533 214.8453438 50.10446892 2459000.5 52.01 Xc
2000578 2.751530011 0.192325119 6.148787252 29.39541198 261.3117561 142.994076 2459000.5 69.29 Xc
2000581 3.211144484 0.033980738 21.89764614 102.4523609 26.28158856 266.7269717 2459000.5 61.481 Xk
2000598 2.761175815 0.250179202 12.22807861 91.52553732 292.1149237 104.2627746 2459000.5 78.237 X
2000604 3.153534308 0.196045332 4.412907876 12.06838513 28.63560608 238.9108115 2459000.5 64.536 Xc
2000626 2.573990747 0.242577562 25.36859328 341.6207653 43.47289495 251.6412202 2459000.5 73.236 Xc
2000627 2.901180947 0.058336581 6.473159851 142.4619588 177.2516521 157.9096269 2459000.5 38.018 X
2000629 3.140940205 0.156722811 9.246180634 86.49281397 37.16835168 178.2445075 2459000.5 35.087 X
2000634 3.047986603 0.181306551 12.29360115 133.2020724 220.5912612 355.7929491 2459000.5 74.017 X
2000671 3.091601399 0.066563884 8.028624076 0.500050097 90.43160264 103.7286909 2459000.5 60.604 Xk
2000678 2.573117107 0.219444117 6.094397039 281.1163955 121.234068 47.06602644 2459000.5 39.585 X
2000687 2.7206813 0.272684687 14.88013987 334.3395927 52.74842155 208.3114637 2459000.5 21.533 X
2000712 2.5749787 0.186648217 12.76279994 230.8201308 181.4288841 193.1867015 2459000.5 124.125 X
2000715 2.768570365 0.083122845 13.81771839 46.07596851 301.034139 130.6946484 2459000.5 25.458 X
2000718 3.057679989 0.198849267 6.926489547 38.53232073 174.5477379 263.1501277 2459000.5 70.911 X
2000731 2.987302099 0.141177496 10.68870761 46.13644577 288.6180647 201.0326476 2459000.5 34.597 Xe
2000739 2.737100181 0.143729038 20.66121533 136.5538113 45.19269815 221.7563544 2459000.5 104.517 X
2000741 2.719819252 0.070238912 8.413907018 100.7078956 61.77621642 317.1550875 2459000.5 29.64 X
2000757 2.372593903 0.109511532 8.169090241 22.50617508 43.81233619 151.3708718 2459000.5 32.894 Xk
2000759 2.618542037 0.205431031 19.90484672 318.3482615 0.924478546 79.52285471 2459000.5 52.926 X
2000771 2.654815309 0.246704376 14.88591096 217.9773889 228.1627615 226.7475233 2459000.5 29.322 X
2000779 2.663909574 0.227799421 14.58218411 283.7370685 49.12553685 301.4965913 2459000.5 80.572 X
2000781 3.216543529 0.117161644 19.15684791 138.0903676 156.1682499 301.3782736 2459000.5 72.927 Xc
2000789 2.686494866 0.148244947 10.77702235 232.6067823 43.80773277 18.94404704 2459000.5 22.483 X
2000792 2.62199929 0.131468292 8.62516345 265.0704345 227.5506159 280.1005383 2459000.5 61.804 X
2000796 2.63420471 0.320340951 19.05130797 33.18614855 329.5386779 263.8619048 2459000.5 43.58 X
2000815 2.658459487 0.075930266 13.86659356 57.05427087 58.44928541 34.03887699 2459000.5 16.869 Xe
2000844 3.204016372 0.069339977 8.776041402 348.6882203 353.1982036 92.23355055 2459000.5 42.154 X
2000860 2.79683291 0.106765465 13.2989122 309.3504649 21.72174566 182.5879948 2459000.5 34.561 X
2000866 3.123848618 0.052267356 8.661590178 91.06018086 263.2010473 34.54366392 2459000.5 78.061 X
2000872 2.731607453 0.078626684 7.374348391 194.7209187 18.01493796 313.3121787 2459000.5 34.431 X
2000907 2.801021448 0.162180528 19.52501352 42.98013223 88.32559769 183.5487986 2459000.5 82.66 Xk
2000924 2.938334721 0.152993351 8.987185201 150.1940257 219.9607531 355.9239368 2459000.5 85.49 X
2000941 2.782634537 0.196519973 6.625794574 52.3086666 334.9317223 159.4402713 2459000.5 18.217 X
2000961 2.693760329 0.091059453 10.99143024 26.61593329 285.275288 181.9071743 2459000.5 36.571 X
2000965 3.157370205 0.280943519 21.42802998 41.43207122 47.01974144 162.5949545 2459000.5 60.857 Xc
2000973 3.211927027 0.112001075 15.82834789 348.4388195 87.85629234 63.63290108 2459000.5 51.609 Xk
2001014 2.804407979 0.201532193 2.265694945 251.6321118 234.0264465 181.2650758 2459000.5 17.487 Xe
2001015 3.205981759 0.0878567 9.446286791 120.1462248 286.5816645 9.538734436 2459000.5 82.35 Xc
2001022 2.805194775 0.174275562 21.05732506 111.9584803 124.7756758 178.3547658 2459000.5 34.297 X
2001025 1.979193514 0.039156857 26.86207042 163.3749148 349.1472311 96.24929699 2459000.5 4.605 Xe
2001032 3.12733897 0.14244048 9.484140557 76.313024 188.9273335 100.119709 2459000.5 65.658 X
2001039 2.67948709 0.060889459 4.553012446 221.6722356 327.0325795 146.3200202 2459000.5 33.853 X
2001046 2.985965013 0.063537862 7.894316688 10.6988351 47.71337021 207.1258521 2459000.5 29.084 Xe
2001071 2.800279686 0.110013928 5.361158243 52.48950865 29.04363296 268.305897 2459000.5 60.862 Xk
2001094 2.544473517 0.133149819 14.02751156 149.1290687 310.078564 104.1148113 2459000.5 17.869 Xk
2001098 2.69083524 0.11728286 13.38092516 328.9274622 80.68215343 237.5342847 2459000.5 26.684 Xe
2001103 1.933627136 0.094363689 17.90164487 267.6419331 77.83131845 73.58510139 2459000.5 6.692 Xk
2001104 2.629045736 0.343655784 6.4419053 128.6538576 277.4013931 176.9397481 2459000.5 23.244 Xk
2001107 3.182538874 0.123866164 7.074636165 110.8397544 351.1395453 91.43446233 2459000.5 79.079 Xc
2001114 3.092849545 0.071143821 10.72051494 195.3320762 207.2437706 315.8347965 2459000.5 75.631 Xc
2001135 2.667067497 0.115073777 4.540163831 350.6321248 3.114857262 314.9597491 2459000.5 50.592 Xk
2001155 2.464319134 0.163939175 6.591559482 39.11577887 195.464231 245.8794891 2459000.5 9.284 Xe
2001181 2.665401825 0.194980017 5.60123868 260.7019362 156.0474309 219.5645988 2459000.5 20.492 X
2001187 2.640406438 0.222744119 10.69726232 327.1649597 74.95619731 52.04004436 2459000.5 32.348 X
2001196 2.653605434 0.179471887 17.66717124 100.7578483 262.6279647 111.646239 2459000.5 25.274 X
2001201 2.697695442 0.038605904 7.00106092 203.0784515 165.3361619 359.2898688 2459000.5 35.825 Xc
2001212 3.949185103 0.190365978 7.59196634 149.5616817 348.2586961 48.32375193 2459000.5 76.387 X
2001214 2.710410459 0.117295875 9.841812946 285.842173 32.4642176 68.06415149 2459000.5 36.668 Xk
2001222 2.793079043 0.250154532 19.59049625 245.7881603 59.95006868 284.2485072 2459000.5 25.781 X
2001251 2.717387262 0.157614177 6.04992572 140.6285587 217.1328483 276.4782871 2459000.5 13.239 X
2001263 2.664804857 0.188610276 29.27200289 158.4708429 287.2888803 80.4462549 2459000.5 49.29 Xc
2001304 3.198447739 0.118348882 18.99201255 86.58545125 148.6005161 19.27110699 2459000.5 43.613 X
2001323 3.228837961 0.14812766 18.78503938 45.23438537 136.4256466 44.02794447 2459000.5 78.295 Xc
2001327 2.781800101 0.160668765 5.818620419 57.76224639 269.9850079 176.6083938 2459000.5 22.318 X
2001351 3.194467353 0.067706841 9.64400475 9.336160159 64.17786419 306.2873996 2459000.5 60.01 Xk
2001352 2.780647735 0.065010901 3.755090351 186.0718597 211.356358 247.8212844 2459000.5 19.979 X
2001373 3.419404096 0.314541286 38.93810015 297.4741262 99.07000842 160.4714212 2459000.5 19.448 Xk
2001407 2.763661186 0.282919736 5.820187915 268.3666647 111.2483527 85.75913822 2459000.5 20.31 X
2001420 2.748652361 0.076670434 3.485515291 260.8993761 74.18444515 191.5959752 2459000.5 20.524 X
2001424 3.187906235 0.056682969 9.162418191 42.91367537 302.813617 7.725376411 2459000.5 64.691 X
2001428 2.809770696 0.141066398 17.30657027 115.7101529 252.4705586 155.0030106 2459000.5 52.464 Xc
2001490 2.352511445 0.154359325 10.02106008 254.2629937 90.63852139 31.78762603 2459000.5 14.844 Xc
2001493 2.429255447 0.20148878 2.577808426 330.5602756 1.724654954 218.2911572 2459000.5 28.905 Xc
2001502 2.732113359 0.088706691 4.094404163 204.3448887 274.1318109 336.8264772 2459000.5 35.518 Xc
2001517 2.717231356 0.045168746 5.272985716 63.86242942 229.8783234 21.14505083 2459000.5 39.524 X
2001541 2.767490554 0.069770091 4.870794282 1.378203867 191.7101939 201.3880388 2459000.5 22 Xc
2001548 2.789560266 0.080361002 16.55511525 116.9093429 88.76009949 89.84523846 2459000.5 30.761 Xk
2001592 2.765908926 0.305639891 13.53739967 106.1351886 178.090515 338.3236205 2459000.5 13.855 X
2001604 3.022551534 0.10245726 9.396652747 309.0810484 38.07577078 186.9549661 2459000.5 32.33 Xc
2001638 2.750616677 0.187601517 0.292733563 200.5525926 86.43871207 204.0352854 2459000.5 19.094 X
2001653 2.609333497 0.32352777 4.070614492 303.985746 88.83527535 198.4286745 2459000.5 9.01 X
2001715 2.398450324 0.241186052 11.47022873 38.93674835 209.3315477 4.152146598 2459000.5 24.165 X
2001730 2.785056082 0.222313012 9.488408875 171.152336 226.5505703 357.5223048 2459000.5 15.203 Xe
2001847 2.610064771 0.020668963 11.14493296 106.8661677 137.4725611 157.2721625 2459000.5 17.427 Xc
2001860 2.568021282 0.201113662 9.919698341 132.8543414 162.1386819 190.6023662 2459000.5 16.8 X
2001891 2.706815208 0.068551699 11.50711176 321.8589697 10.84945111 160.1922443 2459000.5 11.588 X
2001998 2.419393564 0.063467108 7.624345313 351.7433181 246.7651491 237.0208771 2459000.5 14.242 Xc
2002001 1.933237725 0.09878627 22.68280874 357.0585225 217.7343216 157.2266084 2459000.5 3.975 Xe
2002035 1.883864441 0.13150249 27.75078883 77.03325757 200.6190602 79.07098809 2459000.5 4.824 Xe
2002065 2.697926761 0.234128308 6.435574217 328.0808572 66.22456518 213.3330012 2459000.5 16.721 Xc
2002073 2.717922892 0.111432796 2.963046822 85.03326353 0.155238526 178.9021023 2459000.5 9.754 X
2002086 2.402046987 0.110544994 6.486994224 135.1277569 296.1215789 257.2477726 2459000.5 6.096 Xc
2002100 0.83204761 0.436542644 15.75298265 170.8036963 356.0511815 171.7620974 2459000.5 2.3 Xc
2002194 2.327335145 0.042608805 8.523591404 47.11435955 102.7762041 246.7797404 2459000.5 9.02 Xc
2002204 2.593451019 0.405368575 20.57716507 160.0472998 283.8635822 226.2259226 2459000.5 25.16 X
2002306 2.733600905 0.063933312 4.231070446 236.7043455 101.9020463 321.850795 2459000.5 19.36 X
2002349 2.768297078 0.120324184 17.48953482 133.1290385 218.1148409 262.8142944 2459000.5 18.801 Xc
2002390 2.621018579 0.144111931 10.32882549 325.7937412 355.1990765 148.7039756 2459000.5 22.81 X
2002507 2.780640884 0.081470918 10.32017082 129.9392928 99.95353594 298.3196653 2459000.5 16.193 Xe
2002559 2.787155617 0.154690149 8.887419444 350.2140645 87.81645411 68.99307631 2459000.5 20.884 Xk
2002560 2.752523972 0.033776692 5.938726653 148.3541244 282.4269244 211.399714 2459000.5 17.976 Xc
2002567 2.738098701 0.141935691 8.916668984 142.5736766 191.14175 322.4380507 2459000.5 15.938 Xc
2002582 3.202882781 0.064903434 18.12241168 56.25107331 234.3488168 20.33715785 2459000.5 28.87 Xc
2002606 2.759161756 0.264170747 12.44903662 197.3079926 353.1023836 223.0316953 2459000.5 15.91 Xk
2002681 2.746561933 0.192326777 3.975758142 66.74450444 61.57805888 196.7152196 2459000.5 13.297 Xk
2002736 2.290251234 0.085337057 7.460780117 255.4945693 65.08697539 277.4724585 2459000.5 3.976 Xc
2002861 2.47119237 0.07197098 4.042611441 188.4537952 226.307965 312.9156672 2459000.5 16.576 Xc
2002879 2.769013558 0.141368739 10.71715297 149.2411464 25.26895256 47.83085833 2459000.5 21.762 X
2002906 3.166196739 0.103820359 30.68343083 84.41034778 296.6120445 318.2284087 2459000.5 58.678 Xc
2002996 2.781912642 0.031578612 3.662036314 334.2960256 300.8411017 137.7499174 2459000.5 20.381 Xc
2003007 2.368686659 0.132880964 8.332274003 68.79854967 252.6844485 114.4077386 2459000.5 11.468 X
2003103 1.404234015 0.35414918 20.9308809 129.7524667 254.0818905 76.28541812 2459000.5 1.5 Xe
2003169 1.89218063 0.066634297 24.90646425 96.37221105 32.67286892 139.1375647 2459000.5 4.662 Xe
2003214 3.010772074 0.060837957 11.5109281 100.2130675 154.9352785 112.1953427 2459000.5 18.442 Xc
2003224 2.782457476 0.167393751 4.318052848 227.8424093 3.940305666 196.1748429 2459000.5 24.9 X
2003256 2.777452543 0.099084584 7.837695859 174.2804501 267.9962011 66.57444608 2459000.5 20.551 X
2003262 3.008537353 0.066483035 9.457711182 72.90592653 59.50733169 296.4331558 2459000.5 22.627 X
2003367 2.784345309 0.068498258 5.319597808 258.1652182 236.871938 33.04131875 2459000.5 9.607 X
2003406 2.79662899 0.13126825 8.358908187 269.8347181 310.3875898 292.7948438 2459000.5 16.058 X
2003440 2.80424435 0.055316771 7.540819775 171.1244992 145.1775449 181.5939272 2459000.5 10.588 X
2003533 2.219940819 0.117455846 4.868243289 197.1609358 237.9092706 26.05380073 2459000.5 0 Xk
2003567 2.785312915 0.312668227 6.823723065 270.9823297 138.1852322 90.12383645 2459000.5 14.531 Xc
2003575 2.749548595 0.122498929 7.758292374 71.19877852 158.5953554 292.7596137 2459000.5 11.735 X
2003670 2.741304174 0.01610762 6.448365256 107.0032715 146.8974952 330.165894 2459000.5 18.894 X
2003686 2.742742307 0.146440023 5.723685819 134.5410674 79.56393121 67.112831 2459000.5 17.744 X
2003691 1.774496549 0.284195375 20.35824149 348.7468 234.9702621 37.97432954 2459000.5 4.3 Xc
2003704 2.410033117 0.050368381 5.893821354 233.6899732 37.49092477 260.3095492 2459000.5 9.576 Xk
2003730 2.726780313 0.161613542 6.941648678 305.2760063 42.59259564 120.1086259 2459000.5 26.996 Xk
2003759 2.719074977 0.118110865 13.05321967 292.8715741 165.9912036 45.82281003 2459000.5 32.15 X
2003762 2.274127552 0.079099835 1.458278509 163.8216251 188.6820941 270.2063174 2459000.5 3.898 X
2003865 2.397321846 0.079669027 6.554075617 214.4608444 32.45281378 109.7485157 2459000.5 7.972 Xc
2003958 2.46809323 0.208946723 4.824251208 11.62673871 29.25649654 47.72722845 2459000.5 6.084 Xc
2003976 2.758836719 0.071651218 12.71301608 222.4259748 102.8779938 304.478553 2459000.5 29.049 X
2003985 2.852989072 0.097846454 16.29442677 83.99004188 152.4754309 41.78125366 2459000.5 19.631 X
2004205 1.726478346 0.149247019 16.4822227 276.5321199 110.0807946 119.9682324 2459000.5 0 Xe
2004256 2.35130128 0.069717181 3.043271649 72.50307108 227.5108704 193.9269242 2459000.5 7.559 Xc
2004332 2.586176994 0.31477469 19.16503205 165.9639655 198.2416875 297.8620086 2459000.5 11.54 Xe
2004342 2.764721344 0.090578657 6.080565207 133.3629442 181.1549712 63.72048379 2459000.5 19.18 Xc
2004353 2.345481524 0.109370806 9.002901264 79.05673224 197.0390422 325.1334432 2459000.5 11.239 Xe
2004369 2.610890297 0.251549923 11.82903635 299.322614 76.7212897 311.683929 2459000.5 16.019 Xk
2004424 2.756543084 0.078911799 14.72414234 138.3853181 15.65224595 229.7655378 2459000.5 24.019 Xk
2004461 2.853165552 0.131151517 16.0253629 133.1729133 150.6348806 359.1600243 2459000.5 17.233 X
2004547 2.613418593 0.069622378 18.01495191 358.2865664 37.35978791 220.5394 2459000.5 33.036 X
2004548 2.285439912 0.063625187 8.282136495 26.21621197 201.2196014 234.3324574 2459000.5 5.22 Xc
2004660 1.488743085 0.360335928 1.432103476 314.4055513 158.0702675 41.94650303 2459000.5 0.33 Xe
2004701 2.703303079 0.140221963 3.674673524 104.6343314 288.0364102 208.4574746 2459000.5 14.462 Xe
2004750 2.183962635 0.090584638 4.90567357 294.9251722 140.353148 69.54806176 2459000.5 8.666 X
2004786 2.358033238 0.193444289 7.256664574 115.7623565 118.4227033 301.4603168 2459000.5 3.282 Xc
2004838 2.353186789 0.142824393 8.875800134 217.8039568 40.64933608 224.5755614 2459000.5 10.251 Xc
2004839 2.434317511 0.069735258 7.576175161 176.9706145 180.2827406 23.0480743 2459000.5 8.141 Xc
2004845 2.401294807 0.066749181 7.578906879 28.19422813 223.2818415 231.4955461 2459000.5 7.838 X
2004942 2.201235936 0.136178304 3.833825867 278.0862092 11.37024926 310.8503283 2459000.5 3.453 X
2005087 2.744801523 0.005440632 4.907463133 190.8894263 147.620995 84.75248819 2459000.5 13.132 X
2005103 2.749628788 0.013026583 4.89051528 185.7429431 116.327857 181.3529615 2459000.5 11.919 X
2005294 2.867234811 0.130286486 17.78076185 127.8921424 317.127313 52.29674572 2459000.5 12.655 X
2005467 2.808361522 0.169199676 8.754069657 339.0202719 141.3515532 309.4832466 2459000.5 10.351 X
2005576 2.759008589 0.072994772 5.615056547 30.84015438 69.59138168 38.6470621 2459000.5 24.332 Xk
2005588 2.787186023 0.138774046 12.35399936 93.6027256 254.4659245 160.012345 2459000.5 10.931 X
2005632 2.74337301 0.083427303 18.19497933 82.30951397 192.3992853 292.9230157 2459000.5 13.375 Xc
2005751 2.103979839 0.423474765 16.07356216 121.6660622 25.30520977 97.17949569 2459000.5 2.3 X
2006249 1.914342689 0.141992567 28.10782664 221.6879673 151.5443655 184.4339559 2459000.5 0 Xe
2007474 1.565655509 0.292079473 7.088236898 88.62406025 275.6128605 44.59185182 2459000.5 0 X
2010302 1.272206355 0.136402908 4.378247099 104.340157 183.3544004 188.5354319 2459000.5 0 X
2011785 2.780144466 0.067110957 7.715366062 65.51821041 83.34522204 45.15379593 2459000.5 15.113 Xc
2012281 2.73939183 0.013996924 6.356004729 119.0567024 145.6686363 346.5729335 2459000.5 15.985 X
2015817 1.324690065 0.118215659 13.87262819 162.4959613 94.31709882 25.56654068 2459000.5 0 Xc
2017274 2.734905617 0.553460499 5.569964029 305.7544743 21.30688185 140.4955216 2459000.5 3.183 Xk
2017511 1.189978887 0.358838054 9.582650846 355.9243691 202.3593541 235.8040999 2459000.5 0 X
2018514 2.571009569 0.472050659 24.89179683 175.4454544 263.1802212 249.6296485 2459000.5 0 Xc
2035396 1.44276308 0.483968826 4.098775032 213.7467255 102.9174478 81.81788592 2459000.5 0.704 Xk
2048603 1.917879893 0.429885175 5.024644851 328.2653982 81.76389397 229.1682359 2459000.5 0.844 X
2065803 1.644576707 0.383638336 3.407819057 73.20696104 319.3018682 311.5778279 2459000.5 0.78 Xk
2085990 1.008213935 0.311095599 5.359217734 124.3177466 235.5310287 194.7133766 2459000.5 0.451 Xk
2086450 0.968168653 0.41482907 18.10824878 124.8642476 215.6107134 220.3221844 2459000.5 0 Xk
2137805 0.829380434 0.55832295 16.74635667 349.553312 292.849008 162.7583602 2459000.5 2.243 X
2138893 1.172968841 0.743620943 18.34505768 265.2721481 341.3568835 25.56468227 2459000.5 0 Xk
2141079 1.164470438 0.828219687 28.53819211 251.4568137 0.878818305 130.8642797 2459000.5 0 Xc
2152563 0.907973879 0.27180007 7.25507962 315.4254697 336.4359932 338.7513133 2456662.5 0.272 Xc
2153201 0.911517596 0.780703741 7.77028381 69.25179907 213.7185634 206.4502587 2459000.5 0.51 X
2194006 1.448545059 0.424381423 4.257218863 184.9702545 101.6054614 290.39039 2459000.5 0 X
2194268 1.452995039 0.787498741 5.437277356 160.7573468 107.7489747 253.8433906 2459000.5 1.244 X
2207970 2.635271717 0.530616907 3.383398491 176.8214954 280.0547886 246.7871448 2459000.5 0 X
2228368 1.478952546 0.702124462 14.73814876 57.97198872 244.4781385 354.1694711 2459000.5 0 X
2307161 1.491680209 0.274344419 24.16478423 354.9552565 137.9729328 15.22651086 2459000.5 0 Xk
2350513 2.658448427 0.56073987 12.57110819 147.5341322 79.65804058 218.7632144 2459000.5 1.77 X
2354127 1.696768861 0.394410915 30.25092144 347.3490243 202.7805251 83.41964457 2459000.5 0 X
2363067 1.076418765 0.090096902 15.32178284 353.0440871 64.93598641 153.1875935 2459000.5 0 Xk
2380188 2.691101549 0.575773726 9.973303792 251.6210087 249.4395004 131.2048143 2459000.5 1.312 X
2405058 3.577942932 0.598789428 8.132735015 69.4190824 53.36432134 254.9752793 2459000.5 5.6 X
2415690 3.10449213 0.567648239 16.24373738 70.58641632 294.561673 42.31913754 2459000.5 0 X
2506437 3.139916696 0.717273427 10.25364868 252.078084 115.1663664 184.4444724 2459000.5 0 Xc
2516398 1.525420596 0.253004692 18.98724023 56.50534516 194.8329779 29.21877502 2459000.5 0 X
2524150 2.070314507 0.458129129 16.04690364 59.15361749 42.23707881 184.7290658 2459000.5 0 Xk
2524392 2.019808835 0.754015562 9.178274843 354.742368 21.59788231 169.0918987 2459000.5 0 X
3009717 0.913188211 0.368032489 31.6950562 116.9370366 141.57119 176.3387475 2459000.5 0 Xc
3024682 3.215547562 0.618614137 6.882561957 40.43648007 349.3647839 207.3732289 2459000.5 0 X
3034813 2.60102368 0.58681156 17.69655385 129.5833392 351.5025389 308.4687812 2459000.5 0 X
3076783 2.436455857 0.574549869 6.85432046 114.2351055 99.77109918 3.886083176 2459000.5 0 X
3092381 2.357584548 0.52185763 2.526530766 356.6820945 73.50282454 34.47848253 2459000.5 0 X
3092397 2.743003449 0.627221077 30.45115036 28.37403557 23.95861076 356.1210587 2452206.5 0 X
3092504 2.04166931 0.426427187 15.03937211 80.79253013 16.98771096 113.560925 2459000.5 0 X
3102771 1.176788553 0.247510278 7.611797293 297.6877294 247.1097012 95.72973607 2459000.5 0 X
3102786 1.832967848 0.444295481 16.21773415 319.6152383 180.5025962 134.5968647 2459000.5 0.84 X
