1.497164961476211E+08
1.626771441188279E-02
3.858502708681489E-03
1.734051388783823E+02
2.872963595145989E+02
2.534074281549845E+02
2459107.500000000

2.279348630899798E+08
9.337219090575759E-02
1.847918479753490E+00
4.949473728418323E+01
2.866130215345534E+02
2.233154753468928E+01
2459107.500000000

7.786403611616374E+08
4.779439688122140E-02
1.304993193512749E+00
1.004097593403103E+02
2.747269190631410E+02
1.586248075071498E+02
2444556.490277778

1.432863909714191E+09
5.471323934097672E-02
2.485857540819002E+00
1.137788897793130E+02
3.421493555119158E+02
8.005315776972608E+01
2444556.490277778