Time (MJD)	RA	DE	AZI	ELE
60628.567 255.2877006526106 -28.267996028912343 -130.02533694494738 13.638590514597231
60628.5671 256.03510041366155 -27.208322003420577 -129.5560321886367 14.784134090805425
60628.567200000005 256.8113162649129 -26.06391044896228 -129.03936128581043 16.0085545159477
60628.5673 257.619989424641 -24.8234005613317 -128.4675965560259 17.322146233388615
60628.5674 258.4653287204645 -23.47349912021263 -127.831262278121 18.736838119470544
60628.567500000005 259.35225599065444 -21.99856233534631 -127.11859437493725 20.26651379295
60628.5676 260.2865450550241 -20.380164419958465 -126.314830258075 21.927300361943335
60628.5677 261.27499595923393 -18.59660837942365 -125.40122317910608 23.7378544108602
60628.567800000004 262.3256999338865 -16.622308623266505 -124.35360491875342 25.71968447391333
60628.5679 263.44833330341737 -14.42721268817311 -123.14035230356272 27.897287307831927
60628.568 264.6545347377087 -11.976290620120187 -121.71940353613999 30.297988050201678
60628.568100000004 265.9584491564839 -9.229131779268846 -120.03371766712519 32.95129704638499
60628.5682 267.3773861055895 -6.140108260093817 -118.0043875872106 35.88707327833073
60628.568300000006 268.93268546324236 -2.659517895262302 -115.51992559360565 39.13163613514155
60628.568400000004 270.6509457376219 1.263730599461191 -112.41924675398333 42.70043117897152
60628.5685 272.5655431688495 5.676468601939485 -108.46516055843124 46.584346925719416
60628.568600000006 274.7187985598215 10.611996644787984 -103.30434716619074 50.726281381018744
60628.5687 277.1647775614254 16.076106597032943 -96.41692983375277 54.98256662436059
60628.5688 279.9729621032259 22.029568644679426 -87.09349876035307 59.06645642801085
60628.568900000006 283.233042136714 28.371659954377492 -74.5950027443406 62.48920308828389
60628.569 287.06046391222293 34.93210866896355 -58.82731239302576 64.58049473070542
60628.5691 291.6017749422148 41.47975403043639 -41.38687596478754 64.75507255754741
60628.569200000005 297.036836626188 47.7499490769132 -25.161780891927318 62.955290953153515
60628.5693 303.56992312730335 53.481315581939114 -12.072793841205467 59.70424301272703
60628.5694 311.39460823585193 58.44816533859291 -2.250063036463781 55.68561094037808
60628.569500000005 320.6122733403513 62.48158360362881 5.00198577573033 51.425777037044085
60628.5696 331.10043459764853 65.4837723567703 10.418650214391459 47.24309038186597
60628.5697 342.39926417479677 67.44446844220042 14.552838744752728 43.30169091877931
60628.569800000005 353.7598194028868 68.45208436812246 17.782824705381294 39.67053390474655
60628.5699 4.407950876179474 68.67840826430503 20.362497487656338 36.365042777038376
60628.57 13.829976293187308 68.33214222484574 22.463796141852914 33.37280298479826
60628.570100000004 21.856512679233877 67.60827131487828 24.205324506050985 30.66862110219386
60628.5702 28.563613367502015 66.65995083077775 25.67066508464869 28.222855956419743
60628.5703 34.13743079554378 65.59452805126716 26.920043356177167 26.00568490641001
60628.570400000004 38.78380926081668 64.4818746423234 27.997734562645796 23.98923558914203
60628.5705 42.68734466234601 63.36516776150642 28.936895455259865 22.14846116737652
60628.5706 45.99982299070034 62.269846901526925 29.762813555956733 20.461277001158553
60628.570700000004 48.84113945564582 61.21007276709003 30.495050403112412 18.90850780425991
60628.5708 51.30459583421546 60.192953413565085 31.14897492474976 17.47356688839085
60628.570900000006 53.46249363318405 59.22129475020329 31.73680904016244 16.142171809074544
60628.571 55.37099033932561 58.29533856676902 32.26837882947467 14.902051772515449
60628.5711 57.07402235276773 57.413815025350054 32.75168174712866 13.742625840112071
60628.571200000006 58.6062157986765 56.574628967328984 33.1932838507465 12.654771041540076
60628.5713 59.99507959110211 55.77528618186625 33.59861856938637 11.630617633167274
60628.5714 61.26269857306734 55.013124289004416 33.9722291518081 10.663332466506045
60628.571500000005 62.4269437770303 54.28547818633269 34.31793813359464 9.746977643870535
60628.5716 63.50238598191474 53.58977858952839 34.63897969773508 8.876389156248385
60628.5717 64.50103384264612 52.923577793079716 34.938117409948745 8.047035698726669
60628.571800000005 65.43282785526216 52.28459971466293 35.217716474042184 7.254957156472183
60628.5719 66.30608421213651 51.67072645841504 35.479820832816536 6.496657958183092
