EGP
1 16908U 86061A   24306.45833333  .00000038  00000-0  26609-3 0 00002
2 16908 050.0072 170.0127 0011484 111.0021 270.4984 12.44508819406581
GALEX
1 27783U 03017A   24306.45833333  .00003653  00000-0  67232-3 0 00008
2 27783 028.9970 176.3073 0003533 347.4318 152.7640 14.64626923150199
IRIDIUM_44
1 25078U 97077B   24306.45833333  .00001968  00000-0  62911-3 0 00008
2 25078 086.3930 317.4122 0004009 070.7374 108.4840 14.39782181410930
IRIDIUM_920
1 24871U 97034C   24306.45833333  .00001853  00000-0  57662-3 0 00001
2 24871 086.3935 310.2976 0013542 108.4512 325.5420 14.41075094433783
ISIS_1
1 03669U 69009A   24306.45833333  .00001267  00000-0  90876-3 0 00007
2 03669 088.4503 209.1083 1709747 004.8247 225.7495 11.30057273292801
NOAA_15
1 25338U 98030A   24306.45833333  .00000883  00000-0  36527-3 0 00006
2 25338 098.5588 330.6687 0009213 285.9465 290.1988 14.26774181377019
RADARSAT_2
1 32382U 07061A   24306.45833333  .00000509  00000-0  19763-3 0 00005
2 32382 098.5805 310.8658 0001101 083.8758 295.3037 14.29986199881361
SL-8_R_B
1 21938U 92020B   24306.45833333  .00000195  00000-0  20251-3 0 00004
2 21938 082.9308 160.0846 0027966 233.7387 314.8834 13.75452190633328
STARLINK_1054
1 44759U 19074AY  24306.45833333  .00001913  00000-0  12814-3 0 00003
2 44759 053.0540 280.8126 0001263 094.1363 357.4339 15.06414370274034
STARLINK_2514
1 48331U 21036BH  24306.45833333  .00005178  00000-0  34676-3 0 00001
2 48331 053.0519 155.8181 0000861 125.6089 253.3731 15.06412537194281
STARLINK_2741
1 48684U 21044AY  24306.45833333  .00004798  00000-0  32139-3 0 00000
2 48684 053.0527 141.1758 0001336 093.6277 167.5848 15.06407193190744
STARLINK_30772
1 58135U 23162T   24306.45833333 -.00003605  00000-0 -26614-3 0 00004
2 58135 043.0023 293.6907 0001450 270.8774 281.2014 15.02519381058014
STARLINK_30775
1 58139U 23162X   24306.45833333  .00003939  00000-0  29041-3 0 00003
2 58139 043.0032 293.5598 0001189 287.0307 319.2924 15.02560514058100
STARLINK_30783
1 58130U 23162N   24306.45833333  .00003768  00000-0  27790-3 0 00003
2 58130 043.0020 292.9273 0000979 270.8447 245.8605 15.02550205058108
STARLINK_3131
1 49427U 21104V   24306.45833333  .00002096  00000-0  13138-3 0 00000
2 49427 053.2181 283.3273 0001707 099.5628 312.2782 15.08850947164182
STARLINK_31586
1 59205U 24046E   24306.45833333  .00000873  00000-0  29401-4 0 00005
2 59205 053.1606 286.3341 0001380 127.7354 236.8927 15.30200206037334
STARLINK_32261
1 61530U 24183X   24306.45833333 -.00811107  00000-0 -59456-2 0 00004
2 61530 053.1515 287.0157 0000894 096.0238 343.9768 15.72925303003972
STARLINK_3564
1 52302U 22041AT  24306.45833333  .00003903  00000-0  24462-3 0 00007
2 52302 053.2159 143.3195 0001455 095.5967 091.4187 15.08854948141380
STARLINK_3766
1 52296U 22041AM  24306.45833333  .00000622  00000-0  39016-4 0 00006
2 52296 053.2153 153.3156 0001383 094.0851 337.9078 15.08843273140048
STARLINK_3782
1 52273U 22041N   24306.45833333  .00001730  00000-0  10849-3 0 00004
2 52273 053.2166 153.7077 0001464 091.2230 055.2180 15.08836355141254
STARLINK_3788
1 52271U 22041L   24306.45833333  .00002681  00000-0  16813-3 0 00005
2 52271 053.2163 163.3198 0001690 086.3338 230.5414 15.08836561141117
STARLINK_4347
1 53076U 22077AK  24306.45833333  .00002197  00000-0  17130-3 0 00003
2 53076 097.6533 125.3417 0003721 056.5496 064.9267 15.01271052127498
STARLINK_4597
1 53640U 22104BE  24306.45833333  .00001352  00000-0  84777-4 0 00005
2 53640 053.2172 278.0650 0001760 098.8410 045.8115 15.08843694120759
STARLINK_4674
1 53591U 22104D   24306.45833333  .00003308  00000-0  20730-3 0 00001
2 53591 053.2159 298.4857 0001539 101.4851 172.9550 15.08857036121502
STARLINK_5087
1 54850U 22177AG  24306.45833333  .00000846  00000-0  62393-4 0 00006
2 54850 043.0003 280.6733 0001227 280.8876 209.8150 15.02536911101936
